MDL16CS001  4 8 4 8 3 7 1 9 1 9 4 10 3 7 3 10 1 10
MDL16CS002  4 8 4 7 3 7 1 9 1 9 4 8 3 8 3 9 1 10
MDL16CS003  4 0 4 0 3 6 1 10 1 9 4 7 3 8.5 3 7 1 8.5
MDL16CS004  4 6 4 0 3 6 1 8.5 1 9 4 8 3 8.5 3 9 1 10
MDL16CS005  4 5 4 0 3 0 1 8.5 1 9 4 6 3 7 3 7 1 8.5
MDL16CS006  4 8 4 7 3 8 1 8.5 1 9 4 8.5 3 8 3 8 1 10
MDL16CS007  4 8.5 4 8 3 8 1 9 1 9 4 10 3 9 3 10 1 10
MDL16CS008  4 6 4 0 3 6 1 10 1 9 4 6 3 8 3 7 1 9
MDL16CS009  4 8 4 7 3 7 1 10 1 9 4 8 3 8.5 3 8 1 10
MDL16CS010  4 7 4 7 3 7 1 10 1 10 4 8 3 8.5 3 8.5 1 9
MDL16CS011  4 5 4 7 3 6 1 10 1 10 4 6 3 7 3 8 1 8.5
MDL16CS012  4 8 4 8.5 3 7 1 10 1 10 4 8 3 10 3 7 1 9
MDL16CS013  4 8 4 7 3 8 1 10 1 9 4 10 3 8 3 8.5 1 10
MDL16CS014  4 0 4 0 3 0 1 10 1 10 4 0 3 9 3 0 1 10
MDL16CS015  4 9 4 7 3 7 1 9 1 8 4 10 3 8 3 10 1 10
MDL16CS016  4 8 4 8 3 8.5 1 10 1 10 4 9 3 8 3 10 1 10
MDL16CS017  4 7 4 0 3 7 1 10 1 9 4 8 3 8.5 3 10 1 10
MDL16CS018  4 7 4 7 3 7 1 10 1 9 4 7 3 7 3 8 1 9
MDL16CS019  4 7 4 6 3 6 1 8.5 1 8.5 4 8 3 7 3 7 1 9
MDL16CS020  4 8 4 8 3 8 1 9 1 10 4 10 3 9 3 10 1 10
MDL16CS021  4 8 4 8 3 8 1 10 1 10 4 10 3 10 3 10 1 10
MDL16CS022  4 6 4 6 3 7 1 8.5 1 9 4 8 3 8 3 9 1 9
MDL16CS023  4 10 4 9 3 8.5 1 10 1 10 4 10 3 9 3 10 1 10
MDL16CS024  4 7 4 0 3 8 1 9 1 9 4 7 3 8.5 3 8 1 8
MDL16CS025  4 8.5 4 0 3 8 1 10 1 10 4 9 3 10 3 7 1 9
MDL16CS026  4 8 4 7 3 7 1 10 1 8.5 4 6 3 8.5 3 8 1 10
MDL16CS027  4 7 4 7 3 6 1 9 1 9 4 7 3 8.5 3 8.5 1 9
MDL16CS028  4 9 4 9 3 8.5 1 10 1 10 4 10 3 10 3 10 1 10
MDL16CS029  4 9 4 8 3 9 1 10 1 10 4 9 3 9 3 10 1 10
MDL16CS030  4 7 4 6 3 7 1 10 1 9 4 8 3 8.5 3 10 1 9
MDL16CS031  4 5 4 0 3 6 1 8.5 1 8.5 4 8 3 7 3 7 1 10
MDL16CS032  4 8 4 8 3 8 1 9 1 8 4 9 3 9 3 8.5 1 9
MDL16CS033  4 0 4 0 3 0 1 10 1 8.5 4 0 3 8.5 3 6 1 10
MDL16CS034  4 7 4 10 3 6 1 10 1 9 4 10 3 8 3 10 1 10
MDL16CS035  4 7 4 7 3 6 1 10 1 10 4 8 3 8 3 8 1 9
MDL16CS036  4 8 4 7 3 7 1 10 1 10 4 9 3 8.5 3 9 1 10
MDL16CS037  4 9 4 8 3 8.5 1 10 1 10 4 7 3 9 3 10 1 9
MDL16CS038  4 8.5 4 7 3 8.5 1 10 1 9 4 9 3 8.5 3 9 1 10
MDL16CS039  4 8 4 7 3 8 1 9 1 8.5 4 8.5 3 8.5 3 10 1 8.5
MDL16CS040  4 7 4 7 3 7 1 10 1 9 4 9 3 9 3 10 1 10
MDL16CS041  4 6 4 7 3 7 1 8.5 1 8.5 4 7 3 8.5 3 8 1 9
MDL16CS042  4 8 4 8 3 8 1 10 1 10 4 10 3 10 3 10 1 9
MDL16CS043  4 8 4 7 3 8.5 1 10 1 10 4 10 3 8 3 10 1 10
MDL16CS044  4 9 4 8 3 9 1 10 1 10 4 10 3 10 3 10 1 9
MDL16CS045  4 6 4 6 3 7 1 10 1 8.5 4 7 3 9 3 9 1 8.5
MDL16CS046  4 8.5 4 8 3 8 1 10 1 9 4 9 3 9 3 9 1 9
MDL16CS047  4 8.5 4 7 3 8.5 1 10 1 10 4 8.5 3 10 3 10 1 9
MDL16CS048  4 8 4 7 3 8 1 10 1 8 4 9 3 8.5 3 8.5 1 10
MDL16CS049  4 5 4 0 3 0 1 8.5 1 8 4 0 3 8.5 3 0 1 7
MDL16CS050  4 10 4 8 3 8.5 1 10 1 9 4 10 3 10 3 10 1 10
MDL16CS051  4 6 4 0 3 7 1 10 1 8 4 6 3 8 3 0 1 8.5
MDL16CS052  4 8 4 7 3 8 1 10 1 9 4 9 3 10 3 10 1 9
MDL16CS053  4 7 4 6 3 6 1 10 1 8.5 4 8 3 7 3 8.5 1 8.5
MDL16CS054  4 7 4 7 3 8 1 9 1 8 4 6 3 9 3 8 1 9
MDL16CS055  4 8.5 4 8 3 9 1 10 1 8.5 4 10 3 9 3 10 1 8.5
MDL16CS056  4 10 4 9 3 9 1 10 1 10 4 10 3 9 3 10 1 10
MDL16CS057  4 7 4 7 3 7 1 10 1 8 4 7 3 8.5 3 8 1 8.5
MDL16CS058  4 8 4 7 3 8 1 9 1 8 4 8 3 9 3 7 1 9
MDL16CS059  4 8 4 8.5 3 8.5 1 10 1 9 4 9 3 10 3 9 1 8.5
MDL16CS060  4 8 4 7 3 8 1 9 1 8 4 8.5 3 8 3 8.5 1 10
MDL16CS061  4 7 4 0 3 6 1 8.5 1 8 4 0 3 7 3 0 1 7
MDL16CS062  4 8 4 8 3 8.5 1 10 1 9 4 8.5 3 8 3 10 1 8.5
MDL16CS063  4 8 4 8 3 6 1 9 1 9 4 8.5 3 8 3 8 1 10
MDL16CS064  4 8 4 6 3 8 1 10 1 8 4 8 3 8.5 3 10 1 8.5
MDL16CS065  4 8 4 8 3 8 1 10 1 8.5 4 8.5 3 8 3 8.5 1 10
MDL16CS066  4 7 4 7 3 7 1 10 1 9 4 8.5 3 8 3 9 1 8.5
MDL16CS067  4 8 4 6 3 7 1 10 1 8.5 4 8.5 3 8.5 3 8 1 9
MDL16CS068  4 7 4 7 3 6 1 10 1 8.5 4 9 3 7 3 8.5 1 8.5
MDL16CS069  4 8 4 8.5 3 7 1 10 1 8.5 4 10 3 8.5 3 8 1 9
MDL16CS070  4 8 4 6 3 6 1 10 1 8 4 9 3 8.5 3 9 1 8
MDL16CS071  4 8.5 4 8.5 3 8.5 1 10 1 10 4 10 3 8.5 3 9 1 10
MDL16CS072  4 8.5 4 7 3 7 1 10 1 10 4 8.5 3 8 3 7 1 8.5
MDL16CS073  4 8.5 4 8 3 9 1 10 1 9 4 10 3 8.5 3 10 1 10
MDL16CS074  4 8.5 4 8.5 3 9 1 10 1 9 4 10 3 8 3 10 1 9
MDL16CS075  4 7 4 7 3 7 1 10 1 8 4 6 3 8.5 3 8 1 8.5
MDL16CS076  4 7 4 0 3 7 1 10 1 10 4 0 3 9 3 8 1 8.5
MDL16CS077  4 8 4 7 3 7 1 8.5 1 8.5 4 8 3 8 3 8 1 9
MDL16CS078  4 8.5 4 8 3 8 1 10 1 9 4 9 3 8 3 10 1 10
MDL16CS079  4 8 4 8.5 3 8 1 10 1 9 4 10 3 8.5 3 10 1 10
MDL16CS080  4 6 4 6 3 6 1 10 1 8 4 6 3 8 3 6 1 8
MDL16CS081  4 8 4 6 3 8 1 10 1 10 4 8 3 8 3 10 1 9
MDL16CS082  4 7 4 6 3 7 1 10 1 9 4 9 3 9 3 8.5 1 10
MDL16CS083  4 7 4 7 3 6 1 9 1 9 4 6 3 8.5 3 9 1 10
MDL16CS084  4 8 4 7 3 7 1 10 1 10 4 8 3 9 3 8.5 1 8.5
MDL16CS085  4 7 4 0 3 0 1 10 1 9 4 6 3 8.5 3 8.5 1 8.5
MDL16CS086  4 8 4 7 3 8 1 9 1 9 4 10 3 9 3 8.5 1 10
MDL16CS087  4 9 4 8.5 3 8 1 10 1 10 4 10 3 8.5 3 10 1 8.5
MDL16CS088  4 8 4 7 3 8 1 10 1 9 4 10 3 8 3 10 1 10
MDL16CS089  4 9 4 7 3 8.5 1 10 1 10 4 9 3 9 3 10 1 10
MDL16CS090  4 7 4 0 3 6 1 10 1 8.5 4 9 3 8.5 3 8.5 1 10
MDL16CS091  4 8 4 7 3 8 1 10 1 8.5 4 10 3 8.5 3 8.5 1 10
MDL16CS092  4 9 4 7 3 7 1 10 1 10 4 8 3 8 3 8.5 1 8.5
MDL16CS093  4 10 4 7 3 8.5 1 10 1 8.5 4 10 3 9 3 10 1 10
MDL16CS094  4 7 4 7 3 8 1 10 1 8.5 4 10 3 8.5 3 7 1 10
MDL16CS095  4 10 4 7 3 6 1 10 1 8.5 4 10 3 8 3 10 1 10
MDL16CS096  4 8 4 7 3 8 1 10 1 10 4 10 3 8.5 3 10 1 9
MDL16CS097  4 9 4 7 3 8 1 10 1 10 4 10 3 9 3 8 1 8.5
MDL16CS098  4 0 4 0 3 0 1 9 1 8 4 6 3 8 3 0 1 6
MDL16CS099  4 9 4 7 3 8 1 10 1 9 4 8.5 3 8.5 3 9 1 10
MDL163  4 9 4 8 3 7 1 10 1 10 4 9 3 9 3 10 1 9
MDL16CS101  4 7 4 7 3 8 1 10 1 8.5 4 10 3 8 3 9 1 10
MDL16CS102  4 8 4 6 3 7 1 10 1 10 4 7 3 9 3 10 1 8.5
MDL16CS103  4 8.5 4 7 3 8 1 10 1 8.5 4 9 3 8 3 10 1 10
MDL16CS104  4 7 4 7 3 6 1 8.5 1 8 4 8.5 3 8 3 8 1 10
MDL16CS105  4 9 4 8 3 8 1 10 1 9 4 8 3 8.5 3 8 1 10
MDL16CS106  4 8 4 7 3 8 1 10 1 10 4 8 3 9 3 9 1 8.5
MDL16CS107  4 9 4 8 3 8 1 9 1 8.5 4 8.5 3 8 3 9 1 10
MDL16CS108  4 8.5 4 8.5 3 8 1 10 1 10 4 10 3 8 3 8.5 1 9
MDL16CS109  4 8.5 4 8.5 3 10 1 10 1 10 4 10 3 8.5 3 10 1 9
MDL16CS110  4 10 4 8 3 10 1 10 1 10 4 10 3 8 3 10 1 9
MDL16CS111  4 8 4 7 3 8.5 1 10 1 8.5 4 9 3 9 3 10 1 10
MDL16CS112  4 9 4 7 3 8 1 10 1 9 4 9 3 8.5 3 8 1 8.5
MDL16CS113  4 7 4 7 3 0 1 10 1 10 4 8 3 8 3 8.5 1 8.5
MDL16CS114  4 8 4 7 3 8 1 10 1 9 4 8 3 8 3 8.5 1 10
MDL16CS115  4 8.5 4 7 3 7 1 10 1 8.5 4 8.5 3 8.5 3 8 1 10
MDL16CS116  4 7 4 7 3 6 1 9 1 8 4 8 3 8 3 9 1 9
MDL16CS117  4 8.5 4 7 3 8 1 10 1 10 4 10 3 8.5 3 8.5 1 8.5
MDL16CS118  4 9 4 7 3 7 1 10 1 10 4 8.5 3 8 3 8.5 1 9
MDL16CS119  4 8 4 7 3 8 1 10 1 10 4 10 3 8.5 3 9 1 8.5
MDL161  4 8 4 8 3 7 1 9 1 8 4 8 3 7 3 9 1 9
MDL16CS121  4 5 4 0 3 0 1 9 1 8 4 0 3 8.5 3 6 1 8
MDL16CS122  4 8 4 7 3 8.5 1 10 1 10 4 8 3 8.5 3 8.5 1 8.5
MDL16CS123  4 9 4 8 3 8 1 9 1 8.5 4 8.5 3 9 3 8.5 1 10TCE16CS006PH100 0 4 0 3 0 PH110 8.5 1 8 4 0 3 8 3 6 1 6ELECTRONICSANDBIOMEDICALENGINEERINGCourseCodeCourse4DIFFERENTIALEQUATIONS  4ENGINEERINGCHEMISTRY4ENGINEERINGMECHANICS3DESIGN&ENGINEERING1ENGINEERINGCHEMISTRYLABCE100BASICSOFCIVILENGINEERINGEE100BASICSOFELECTRICALENGINEERINGCE110CIVILENGINEERINGWORKSHOPEE110ELECTRICALENGINEERINGWORKSHOPME100BASICSOFMECHANICALENGINEERINGME110MECHANICALENGINEERINGWORKSHOPRegisterNoCourseCode(Grade)
